selection
2
3
1
4
21
7
5
3
3
5
4
2
23
8
23
1
5
33
45
23
2
1
32
5
44
12
34
5
8
12
89
34
1
3
1
42
12
45
67
87
12
34
111
23
1
89
32
3
1
22
65
24
56
87
12
23
56
87
43
67
64
22
34
09
99
75
46
43
56
85
23
45
76
26
58
15
21
52
89
05
35
77
23
45
7
8
3
43
12
34
65
78
52
64
75
45
78
13
45
79
13
45
67
90
12
14
35
23
56
87
98
33
33
33
12
35
67
66
66
81
90
71
10
17
25
12
76
89
12
35
87
65
34
56
65
23
34
65
47
82
34
65
12
76
54
72
37
61
34
65
