Datos ordenados: 
1
1
1
1
1
1
1
2
2
2
3
3
3
3
3
3
4
4
5
5
5
5
5
5
7
7
8
8
8
9
10
12
12
12
12
12
12
12
12
12
12
12
13
13
14
15
17
21
21
22
22
23
23
23
23
23
23
23
23
23
24
25
26
32
32
33
33
33
33
34
34
34
34
34
34
34
34
34
35
35
35
35
37
42
43
43
43
44
45
45
45
45
45
45
45
46
47
52
52
54
56
56
56
56
56
58
61
64
64
65
65
65
65
65
65
65
66
66
67
67
67
67
71
72
75
75
76
76
76
77
78
78
79
81
82
85
87
87
87
87
87
89
89
89
89
90
90
98
99
111
